1c09210698d2baf1ff22a42f972559f1ebfccc3000fb06e90ed0b14c31e15953 27 14 30309 1654
504c83c2c4d508ca9a358752a54ccbb2f7868fa34e9439460644a486817af376 42 42 14354 5385
069a82ef8a95f870cb3e35012cecbe5bc0216812489eedc4ef1c3860dd2e2e50 2 2 768 10
a7e050c1cdb81da45830e90a9c59b7b6c770fa5bf7622c0e8c1fd9560d409b18 34 34 868 0
9de86747ab28910fdfc14c034bd376ed078e7c09fcdb4335dedd853096ae1cfa 29 29 8594 2045
76266967215025f6d5a5347b45d4b240d9fc114537ab1345a5e8863f70e5bb7a 42 42 23143 1088
2150609ac646d7f748c335be5afb6a80bbee6c413e76884d957acaaf56dc31ca 31 31 30148 1645
fbdf450dda2abb339a66622f73201ab04bfe0c20684df34ea772690f1cdcedb4 1 1 17836 0
5efe1310b48d1a74845ac8fe06a6c5742a56ec2146c84e897094354d02dbe9c7 3 2 1947 98
9f935c3df3adfb8b951b67606d129f799923e0360b9b8cb8740e542b2ebaad3c 13 13 9154 1275
0d0f8136fdd715ea0a8054f8e430196eeb53c8f594889ccfee58698add38d4f1 1 1 788 0
dd75755cbbaf26f57e40b2b29777471d47d487b6fa677142b3c25facbebe3974 20 20 9070 907
ada454ef0a8757b3d51538ffb1a572664f2179a20aa6b3418ee379684ee3a987 19 19 12515 374
3b7b299ae585ad2c42454b258bb7675980310cb6a1e1f1ccb77c5e6d760182d9 5 5 80473 2977
475e548d843a5a606981b9154b5a1fac575fd6cea6c952a0926992219cb4dd3c 2 2 18603 160
458db0be098281565b5333beb325082c45bf6057d0a245b728b582e52cc2d090 1 1 2 0
fe377f03d55042515fa506c19bd027389c084995155c6245d570050c357bcf40 30 30 27671 2675
24b4e94b3784a836ce74473f212b9df201f6890b79cee86393db655f68d74ecd 12 12 1938 9
c0f3ee809dfb288431a57198bd14359b2543b8f922b6feec8ec4049b799fa143 49 49 9473 1858
c3405fca31369d612080370630065fedb50b29cd206d793b8006ee8d082a0e59 2 2 31042 92
e53314735c1ae3c95c479f586cef5313812e80a20ce9d4b7ce82d83b7bf160ad 3 3 53803 0
041cc06348e28e9a0723123527df2705ffac8e23881c6008554d84e7eaa229aa 49 49 81324 2709
e011130723a2106c5757dca1fcb59d4a8cb0e467ebdda7dc137234853c2eaafc 48 44 1087 348
1707a8247b221c8584440a5f1cb8a01319a27adf93e219f552f26eb307e1faeb 71 30 17079 2069
024ac6776dedcb8906bd2c82ffa4dcfb9644e4274e9a8b647c3cc574acd270aa 74 53 19837 2192
283a769b4e0b449ce9f4d20440bfd9fda9462f8e40bc072270ed935a8da96e6e 19 19 6905 507
d8ee1db055c5f03caa352e582011689e1114e1542e5617243be0283f8dbf56d6 4 4 7583 298
c6441deecacb756155834f0f2071ce7da765cbfa7174ee6ea4aeffd0325ba18e 2 2 2653 0
978c93de899bd3227af20ef01ba3bbabf389db32664986e0e76bacb3ce100f6b 4 4 847 2
71591edea0f5d9ce50c48f4e52aac3271d8a3cb0b5c38f2d4b926ec4b82cd62d 8 8 49752 4090
69729c578ab8b68614bcf5e1c013017cd8c717bf1fd7af85f81603003b5f7f79 96 61 19897 3123
01f6c045024975f9661f5c33ff9a42f38a030ac5aa3e0bab345083ae2acb7979 15 15 65824 516
392c79053fe85832b015edd5868758ae65f6e421edfc98952280a6c717714962 19 19 12224 96
0e6cbf871b6f3d140e562fb17c75693b124d3c8c443a89e9008741eca61ff549 15 15 190165 14
ab645f48d0d21bbfe592ae11831ff979c87470cdead9ddf0f31662243c6ff5f8 5 5 26365 0
d407ef332084c896b6c7f937b371bb52c38e92fb1a8c225a79476c4d3b345ffe 38 38 10383 4440
b6a175e921015447b8a58421d9ef202b5c8bcca5054483073d974b17c9a9eec2 17 17 878 134
dd65707d1c19478934298f6d2782e5261634cf2e1cc53db0db22b31d89a518ca 12 12 1788 65
1a0e87eee144c73be36dd0ac23a5e335aa53bde82ec26746d953e7e059d30cc8 5 5 696 3
50a9de6b182f084565dc4c74c337ca786f91e1fa4154b69e0a50159b5a749352 6 6 34649 4
f942919ccb1e56df7c512fed634592b442ee4bdfdcf7afe0629607b8ecc0555e 6 6 48035 4
968024dc4e7632cb98813cbe87642a93265f2f6b485102de77e5e2e35d275d7b 26 26 63892 82
f0f0b2ac9091a9bfaaa4163526a6fe1099dd6119800e8b90fefafcdd012ae59a 6 6 744 0
15b17404743743a2b6cc1bca4f2536fbeff2484ac3e36fa0d2ae2edf4ed5ce54 2 2 250 0
dced7b0fde091162c431882ab5eb54c624929fc3dc0e6f089e34a9372122fd84 5 5 13637 173
b91a0acf2bd48db755c503ff02a2c1ef2213237facbacc21cd7de477b2ad3f31 1 1 86 0
9e0f1279331bea0c93740a3c473a4eccb3cd41fc2de0a5e831185854694d0bbc 5 0 0 0
79b6d7d12902748302a550fcfd405cd5eb448aab75bbefa50c9cbcf8f64daa1f 2 2 612 0
8278c97db56354e363319cc8f1035622f5476a3eeef81d892ec03df04257b5bd 3 3 458 15
bbe7d8885a17d66a2400cbe7d694b2ab72369aa42f7fd780c47f1e0dd091e907 326 0 0 0
391a08e0877aaebae04dbf07471f2311dffbf43852ca4a587ddaa74642cafeea 70 0 0 0
dab9c9f10399df54e7e0b1f2f70929fecc5cf3fe2eecbf4ed3dfa4d24c68880c 11 0 0 0
c9cf5d6868bad651620031ddcbccad846da444cbf08fb017b0adffc3246b7747 42 0 0 0
